0.000000000000000000e+00 0.000000000000000000e+00 3.173528611660003662e-01 3.051408827304840088e-01
0.000000000000000000e+00 0.000000000000000000e+00 3.637072443962097168e-01 2.638636827468872070e-01
0.000000000000000000e+00 0.000000000000000000e+00 3.708769083023071289e-01 2.919398844242095947e-01
5.231585237197577953e-05 3.662109375000000000e-04 3.894739449024200439e-01 3.575962483882904053e-01
5.231584887951612473e-03 1.989746093750000000e-02 4.940308332443237305e-01 5.516531467437744141e-01
9.303501993417739868e-02 1.992187500000000000e-01 6.983643174171447754e-01 7.805525660514831543e-01
3.293282687664031982e-01 4.163818359375000000e-01 8.479602932929992676e-01 8.705183267593383789e-01
5.135324001312255859e-01 5.561523437500000000e-01 9.052708745002746582e-01 9.104178547859191895e-01
6.305454969406127930e-01 5.893554687500000000e-01 9.337229728698730469e-01 9.087262153625488281e-01
7.083914875984191895e-01 6.762695312500000000e-01 9.501179456710815430e-01 9.388254284858703613e-01
7.612305283546447754e-01 7.371826171875000000e-01 9.603700637817382812e-01 9.499511122703552246e-01
7.991943955421447754e-01 7.541503906250000000e-01 9.673750996589660645e-01 9.546073675155639648e-01
8.272182345390319824e-01 7.894287109375000000e-01 9.722244739532470703e-01 9.634139537811279297e-01
8.502023220062255859e-01 8.103027343750000000e-01 9.764528274536132812e-01 9.674420952796936035e-01
8.665597438812255859e-01 8.139648437500000000e-01 9.789136648178100586e-01 9.680350422859191895e-01
